219
259
264
248
260
246
244
223
239
257
244
200
174
186
146
244
255
245
229
247
234
190
224
239
245
225
220
133
221
221
152
155
187
227
232
216
228
214
212
191
207
225
212
117
116
104
137
150
200
206
210
146
196
194
211
199
104
194
191
195
201
121
124
151
96
95
83
129
91
165
184
180
110
176
187
184
183
170
182
171
102
186
183
168
166
97
180
174
94
164
161
175
90
161
157
163
166
85
163
161
82
146
80
146
147
159
160
140
147
151
72
138
149
146
145
132
144
133
64
136
145
61
86
131
127
133
136
69
54
31
70
65
27
101
127
47
124
110
130
116
113
106
124
108
38
113
105
105
118
33
40
118
102
102
104
96
26
98
102
23
59
72
55
19
95
96
84
84
23
25
12
91
92
78
91
90
6
77
18
3
54
80
0
77
63
83
69
66
59
77
61
-9
72
62
59
59
70
-3
-16
63
64
50
63
62
-22
53
-10
-25
26
52
-28
48
49
55
37
-33
34
44
51
41
-26
-39
40
41
27
40
39
-45
28
-33
-48
3
29
-51
25
26
32
14
-56
28
22
-47
-60
-61
-62
-63
-64
-65
-66
-67
-68
11
12
-2
11
10
-74
0
-62
-77
-100
-60
-66
-104
-30
-4
-84
-12
-8
-4
-19
-7
-6
-79
-92
-13
-12
-26
-13
-14
-98
-26
-86
-101
-50
-31
-31
-22
-106
-42
-32
-33
-31
-24
-29
-113
-29
-32
-47
-35
-35
-119
-36
-42
-122
-40
-40
-60
-44
-43
-128
-45
-41
-51
-59
-55
-63
-135
-57
-59
-138
-55
-68
-72
-142
-73
-71
-69
-77
-147
-81
-67
-81
-86
-68
-84
-86
-155
-77
-79
-158
-73
-87
-161
-93
-95
-91
-81
-87
-85
-154
-169
-133
-120
-137
-173
-129
-96
-108
-108
-178
-106
-97
-181
-104
-114
-117
-116
-103
-104
-123
-107
-101
-177
-214
-173
-180
-218
-144
-118
-198
-134
-120
-121
-133
-125
-136
-193
-206
-123
-119
-129
-141
-211
-147
-199
-214
-163
-144
-144
-135
-219
-155
-145
-146
-144
119
114
30
114
111
96
108
108
24
107
101
21
85
99
98
86
94
83
14
97
81
99
94
9
73
77
90
74
86
3
86
73
69
-1
65
82
78
78
73
75
6
-9
27
40
23
-13
31
64
52
52
-18
54
63
-21
56
46
43
44
57
56
37
53
59
-17
-54
-12
-20
-58
5
41
-38
40
42
27
27
39
-44
39
33
-47
35
36
16
32
32
20
30
30
28
12
-58
6
18
-61
17
4
3
20
16
15
1
9
-3
-2
-72
6
-4
-75
-11
-77
-11
-7
-15
1
-17
-16
0
-16
-4
-75
-88
-5
-1
-11
-23
-93
-11
-95
-12
-18
-98
-17
-31
-21
-26
-38
-37
-36
-106
-23
-36
-40
-110
-44
-40
-48
-32
-50
-49
-33
-49
-37
-120
-36
-44
-55
-55
-43
-126
-43
-56
-60
-130
-64
-47
-51
-51
-56
-54
-123
-138
-87
-61
-141
-59
-58
-78
-62
-146
-147
-148
-149
-150
-151
-152
-153
-70
-82
-72
-72
-74
-90
-160
-77
-90
-94
-164
-86
-99
-100
-83
-87
-88
-102
-94
-106
-105
-175
-97
-107
-178
-114
-180
-94
-103
-101
-116
-173
-186
-103
-99
-109
-121
-191
-166
-185
-118
-122
-118
-128
-198
-121
-115
-124
-136
-134
-122
-122
-197
-207
-125
-194
-131
-135
-144
-150
-127
-136
-134
-149
-203
-141
-151
-134
-159
-136
111
113
98
43
28
79
98
98
107
23
104
90
100
95
83
84
85
98
14
78
88
87
10
82
86
90
90
70
82
70
71
84
0
78
68
-3
61
-5
81
72
-8
-9
-10
-11
-12
-13
-14
-15
66
51
-18
68
53
63
50
-23
41
53
53
57
44
40
52
-31
55
46
48
33
-36
36
40
-39
25
-41
41
37
25
22
27
23
25
20
18
-51
30
12
24
16
13
-43
-58
-21
19
21
-62
6
24
0
11
13
8
0
-58
-71
-51
-61
-57
-57
-76
6
-63
-7
-11
-5
-6
-4
-69
-13
-13
-87
-6
-20
-10
-15
-27
-26
-25
-12
-96
-21
-25
-21
-31
-18
-102
-82
-91
-88
-88
-107
-21
-36
-26
-39
-112
-41
-41
-115
-43
-39
-118
-39
-44
-56
-55
-54
-124
-46
-126
-127
-128
-129
-130
-131
-132
-133
-64
-135
-64
-68
-62
-63
-61
-127
-142
-106
-93
-110
-146
-102
-69
-81
-81
-151
-79
-70
-154
-77
-87
-90
-89
-76
-77
-96
-80
-74
-150
-165
-188
-145
-154
-192
-118
-92
-172
-88
-96
-107
-97
-177
-94
-107
-111
-181
-106
-118
-101
-101
-186
-120
-109
-112
-113
-126
-114
-125
-182
-195
-112
-108
-118
-130
-200
-116
-202
-116
-132
-132
-130
-138
-208
-136
-132
-211
-143
-130
-147
-215
-139
-138
-150
-150
-206
-221
-244
-200
46
8
82
108
28
95
108
104
104
23
95
99
104
98
18
84
95
92
91
78
90
79
10
85
81
85
75
5
81
82
70
70
12
-1
78
79
65
78
77
-7
29
42
25
-11
-4
56
69
52
49
63
51
-10
-6
-43
2
-9
-47
27
46
46
55
-29
43
52
-32
49
31
43
35
32
-38
27
25
42
27
25
-44
38
39
19
35
35
23
33
33
31
19
24
22
-31
-58
23
5
17
9
6
19
-50
13
9
0
-6
17
8
10
-5
-59
3
-7
10
-15
8
-1
1
-14
-68
-13
-71
-86
-50
-32
-63
-90
-74
-80
-76
-78
-12
-81
-25
-29
-23
-24
-22
-87
-31
-31
-90
-35
-107
-26
-40
-30
-35
-47
-46
-45
-32
-116
-52
-42
-43
-120
-48
-44
-40
-40
-60
-48
-60
-59
-46
-130
-52
-62
-133
-62
-135
-136
-137
-138
-139
-140
-141
-142
-74
-68
-69
-67
-147
-61
-76
-66
-79
-152
-81
-81
-155
-86
-75
-79
-82
-160
-85
-89
-85
-95
-82
-166
-150
-155
-152
-154
-157
-172
-121
-102
-102
-93
-177
-105
-96
-180
-99
-117
-105
-113
-116
-186
-121
-123
-106
-121
-123
-192
-125
-125
-119
-127
-113
-125
-120
-122
-175
-202
-177
-116
-193
-116
-139
-208
-122
-138
-138
-145
-141
-214
-147
-147
-141
-149
-135
-151
-138
-222
-147
105
109
99
112
28
115
26
109
96
105
101
106
91
91
18
107
30
15
-8
38
26
-12
62
88
8
77
79
83
72
3
67
1
67
71
63
79
61
62
78
62
74
6
73
73
70
60
64
56
-16
56
60
-19
45
-21
46
56
43
60
51
42
50
55
-30
54
51
36
-34
49
36
32
-38
31
39
35
34
36
43
28
32
24
-48
18
29
26
25
12
24
13
-30
-57
-43
24
24
21
11
15
7
13
-1
10
1
-69
9
11
-72
-58
-7
-3
-11
5
-13
-12
4
-12
0
-5
-19
-8
-17
-73
-88
-37
-11
-91
-22
-20
-16
-27
-96
-13
-26
-30
-100
-101
-102
-103
-104
-105
-106
-107
-30
-40
-22
-27
-112
-34
-47
-48
-49
-32
-36
-50
-42
-54
-53
-123
-40
-36
-46
-58
-128
-51
-116
-131
-154
-116
-118
-121
-159
-85
-59
-139
-57
-76
-56
-74
-144
-80
-68
-79
-148
-68
-65
-78
-68
-141
-154
-71
-67
-77
-89
-159
-134
-74
-81
-163
-85
-83
-166
-141
-80
-155
-170
-119
-93
-173
-91
-102
-99
-97
-102
-90
-180
-100
-97
-110
-100
-173
-186
-103
-99
-109
-121
-191
-166
-112
-180
-217
-196
-197
-198
-199
-200
-201
-202
-203
-152
-126
-206
-120
-126
-136
-126
-142
-212
-148
-214
-137
-147
-130
-218
-149
-147
-145
-153
-211
32
115
119
109
97
27
104
90
102
102
22
100
102
19
104
90
16
85
87
89
81
89
75
86
77
21
6
52
82
70
71
1
84
71
67
-3
66
68
70
62
-8
63
55
72
-12
53
55
54
62
-17
51
49
53
63
47
45
-12
-25
54
55
41
54
53
-31
37
50
33
-35
29
41
30
-39
44
48
38
26
-44
-19
41
-47
36
30
-50
32
13
33
15
-55
28
15
-58
-59
-60
-61
-62
-63
-64
-65
3
-67
19
13
3
13
12
-4
4
-75
-6
-4
-2
-10
-66
-81
-104
-66
-67
-71
-109
-46
-10
-89
-11
-9
-24
-24
-12
-95
-12
-18
-98
-17
-15
-23
-102
-19
-32
-36
-106
-24
-36
-40
-34
-35
-112
-46
-35
-38
-39
-52
-40
-51
-108
-121
-52
-50
-42
-42
-42
-127
-44
-40
-50
-62
-106
-133
-67
-63
-59
-58
-70
-139
-129
-53
-142
-60
-77
-63
-73
-67
-64
-71
-85
-74
-83
-139
-71
-83
-142
-157
-106
-87
-87
-78
-162
-76
-91
-89
-90
-167
-103
-93
-94
-92
-85
-173
-94
-93
-97
-106
-96
-114
-103
-181
-113
-95
-115
-118
-101
-103
-115
-110
-112
-177
-192
-141
-122
-126
-118
-197
-198
-199
-200
-201
-202
-203
-204
-193
-206
-123
-119
-129
-141
-211
-198
-198
-131
-148
-134
-144
-138
-135
-142
-156
-145
-154
46
114
102
7
6
-6
