219
259
264
248
260
246
244
223
239
257
244
200
174
186
146
244
255
245
229
247
234
190
224
239
245
225
220
133
221
221
152
155
187
227
232
216
228
214
212
191
207
225
212
117
116
140
137
150
200
206
210
146
196
194
211
199
104
194
191
195
201
121
124
151
96
95
133
129
91
165
184
180
110
176
187
184
183
170
182
171
102
186
183
168
166
97
180
174
94
164
161
175
90
161
157
163
166
85
163
161
82
146
80
146
147
159
160
140
147
151
72
138
149
146
145
132
144
133
64
136
145
61
86
131
127
133
136
69
54
31
70
65
27
101
127
47
124
110
130
116
113
106
124
108
38
113
105
105
118
33
40
374
358
358
360
352
282
354
358
279
315
328
311
275
351
352
340
340
279
281
268
347
348
334
347
346
262
333
274
259
310
336
256
333
319
339
325
322
315
333
317
247
328
318
315
315
326
253
240
319
320
306
319
318
234
309
246
231
282
308
228
304
305
311
293
223
290
300
307
297
230
217
296
297
283
296
295
211
284
223
208
259
285
205
281
282
288
270
200
284
278
209
196
195
194
193
192
191
190
189
188
267
268
254
267
266
182
256
194
179
156
196
190
152
226
252
172
244
248
252
237
249
250
177
164
243
244
230
243
242
158
230
170
155
206
225
225
234
150
214
224
223
225
232
227
143
227
224
209
221
221
137
220
214
134
216
216
196
212
213
128
211
215
205
197
201
193
121
199
197
118
201
188
184
114
183
185
187
179
109
175
189
175
170
188
172
170
101
179
177
98
183
169
95
163
161
165
175
169
171
102
87
123
136
119
83
127
160
148
148
78
150
159
75
152
142
139
140
153
152
133
149
155
79
42
83
76
38
112
138
58
122
136
135
123
131
120
63
50
133
137
127
115
45
109
57
42
93
112
112
121
37
101
111
110
112
119
370
286
370
367
352
364
364
280
363
357
277
341
355
354
342
350
339
270
353
337
355
350
265
329
333
346
330
342
259
342
329
325
255
321
338
334
334
329
331
262
247
283
296
279
243
287
320
308
308
238
310
319
235
312
302
299
300
313
312
293
309
315
239
202
244
236
198
261
297
218
296
298
283
283
295
212
295
289
209
291
292
272
288
288
276
286
286
284
268
198
262
274
195
273
260
259
276
272
271
257
265
253
254
184
262
252
181
245
179
245
249
241
257
239
240
256
240
252
181
168
251
255
245
233
163
245
161
244
238
158
239
225
235
230
218
219
220
150
233
220
216
146
212
216
208
224
206
207
223
207
219
136
220
212
201
201
213
130
213
200
196
126
192
209
205
205
200
202
133
118
169
195
115
197
198
178
194
110
109
108
107
106
105
104
103
186
174
184
184
182
166
96
179
166
162
92
170
157
156
173
169
168
154
162
150
151
81
159
149
78
142
76
162
153
155
140
83
70
153
157
147
135
65
90
71
138
134
138
128
58
135
141
132
120
122
134
134
59
49
131
62
125
121
112
106
129
120
122
107
53
115
105
122
97
120
111
369
354
299
284
335
354
354
363
279
360
346
356
351
339
340
341
354
270
334
344
343
266
338
342
346
346
326
338
326
327
340
256
334
324
253
317
251
337
328
248
247
246
245
244
243
242
241
322
307
238
324
309
319
306
233
297
309
309
313
300
296
308
225
311
302
304
289
220
292
296
217
281
215
297
293
281
278
283
279
281
276
274
205
286
268
280
272
269
213
198
235
275
277
194
262
280
256
267
269
264
256
198
185
205
195
199
199
180
262
193
249
245
251
250
252
187
243
243
169
250
236
246
241
229
230
231
244
160
235
231
235
225
238
154
174
165
168
168
149
235
220
230
217
144
215
215
141
213
217
138
217
212
200
201
202
132
210
130
129
128
127
126
125
124
123
192
121
192
188
194
193
195
129
114
150
163
146
110
154
187
175
175
105
177
186
102
179
169
166
167
180
179
160
176
182
106
91
68
111
102
64
138
164
84
168
160
149
159
79
162
149
145
75
150
138
155
155
70
136
147
144
143
130
142
131
74
61
144
148
138
126
56
140
54
140
124
124
126
118
48
120
124
45
113
126
109
41
117
118
106
106
50
35
12
56
46
264
338
364
284
351
364
360
360
279
351
355
360
354
274
340
351
348
347
334
346
335
266
341
337
341
331
261
337
338
326
326
268
255
334
335
321
334
333
249
285
298
281
245
252
312
325
308
305
319
307
246
250
213
258
247
209
283
302
302
311
227
299
308
224
305
287
299
291
288
218
283
281
298
283
281
212
294
295
275
291
291
279
289
289
287
275
280
278
225
198
279
261
273
265
262
275
206
269
265
256
250
273
264
266
251
197
259
249
266
241
264
255
257
242
188
243
185
170
206
224
193
166
182
176
180
178
244
175
231
227
233
232
234
169
225
225
166
221
149
230
216
226
221
209
210
211
224
140
204
214
213
136
208
212
216
216
196
208
196
197
210
126
204
194
123
194
121
120
119
118
117
116
115
114
182
188
187
189
109
195
180
190
177
104
175
175
101
170
181
177
174
96
171
167
171
161
174
90
106
101
104
102
99
84
135
154
154
163
79
151
160
76
157
139
151
143
140
70
135
133
150
135
133
64
131
131
137
129
143
131
136
134
81
54
79
140
63
140
117
48
134
118
118
111
115
42
109
109
115
107
121
105
118
34
109
105
365
355
368
284
371
282
365
352
361
357
362
347
347
274
363
286
271
248
294
282
244
318
344
264
333
335
339
328
259
323
257
323
327
319
335
317
318
334
318
330
262
329
329
326
316
320
312
240
312
316
237
301
235
302
312
299
316
307
298
306
311
226
310
307
292
222
305
292
288
218
287
295
291
290
292
299
284
288
280
208
274
285
282
281
268
280
269
226
199
213
280
280
277
267
271
263
269
255
266
257
187
265
267
184
198
249
253
245
261
243
244
260
244
256
251
237
248
239
183
168
219
245
165
234
236
240
229
160
243
230
226
156
155
154
153
152
151
150
149
226
216
234
229
144
222
209
208
207
224
220
206
214
202
203
133
216
220
210
198
128
205
140
125
102
140
138
135
97
171
197
117
199
180
200
182
112
176
188
177
108
188
191
178
188
115
102
185
189
179
167
97
122
182
175
93
171
173
90
115
176
101
86
137
163
83
165
154
157
159
154
166
76
156
159
146
156
83
70
153
157
147
135
65
90
144
76
39
60
59
58
57
56
55
54
53
104
130
50
136
130
120
130
114
44
108
42
119
109
126
38
107
109
111
103
45
32
371
375
365
353
283
360
346
358
358
278
356
358
275
360
346
272
341
343
345
337
345
331
342
333
277
262
308
338
326
327
257
340
327
323
253
322
324
326
318
248
319
311
328
244
309
311
310
318
239
307
305
309
319
303
301
244
231
310
311
297
310
309
225
293
306
289
221
285
297
286
217
300
304
294
282
212
237
297
209
292
286
206
288
269
289
271
201
284
271
198
197
196
195
194
193
192
191
259
189
275
269
259
269
268
252
260
181
250
252
254
246
190
175
152
190
189
185
147
210
246
167
245
247
232
232
244
161
244
238
158
239
241
233
154
237
224
220
150
232
220
216
222
221
144
210
221
218
217
204
216
205
148
135
204
206
214
214
214
129
212
216
206
194
150
123
189
193
197
198
186
117
127
203
114
196
179
193
183
189
192
185
171
182
173
117
185
173
114
99
150
169
169
178
94
180
165
167
166
89
153
163
162
164
171
83
162
163
159
150
160
142
153
75
143
161
141
138
155
153
141
146
144
79
64
115
134
130
138
59
58
57
56
55
54
53
52
63
50
133
137
127
115
45
58
58
125
108
122
112
118
121
114
100
111
102
46
370
358
263
262
262